9823,-57
10035,-57
10156,-59
10276,-59
10397,-59
10518,-59
10639,-62
10760,-62
10938,-61
11057,-61
11175,-61
11294,-62
11412,-61
11532,-59
11655,-59
11774,-57
11951,-57
12069,-59
12188,-60
12307,-64
12426,-66
12545,-66
12663,-63
12782,-57
12958,-57
13078,-57
13196,-54
13316,-54
13433,-54
13553,-54
13671,-55
13791,-56
13981,-57
14100,-59
14219,-58
14338,-57
14456,-57
14575,-58
14694,-59
14813,-59
14990,-60
15109,-59
15227,-58
15346,-58
15465,-58
15584,-57
15703,-57
15885,-57
16003,-57
16122,-57
16240,-57
16360,-58
16478,-57
16599,-57
16716,-56
16871,-56
16989,-56
17108,-56
17226,-57
17346,-57
17464,-57
17584,-56
17701,-55
17845,-55
17986,-55
18106,-69
18224,-72
18343,-72
18461,-55
18581,-56
18699,-56
18879,-56
18996,-57
19117,-56
19234,-54
19354,-56
19477,-69
19597,-76
19715,-62
19894,-58
20012,-56
20131,-59
20249,-58
20369,-57
20487,-57
20606,-57
20724,-69
20904,-62
21022,-56
21142,-57
21260,-56
21380,-57
21497,-56
21617,-57
21741,-56
21919,-56
22038,-56
22157,-56
22276,-57
22394,-57
22513,-67
22632,-67
22751,-61
22929,-58
23048,-57
23166,-57
23286,-57
23404,-58
23524,-59
23643,-58
23761,-59
23939,-59
24058,-59
24177,-59
24296,-57
24415,-61
24534,-60
24652,-58
24771,-58
24949,-59
25068,-58
25187,-57
25306,-58
25424,-58
25543,-58
25663,-58
25788,-58
25918,-58
26037,-58
26155,-58
26273,-57
26392,-59
26512,-58
26630,-58
26749,-58
26906,-58
27025,-59
27146,-58
27265,-58
27383,-57
27507,-57
27625,-58
27745,-58
27863,-57
27982,-59
28100,-58
28220,-58
28338,-58
28457,-57
28575,-58
28695,-58
28813,-57
28933,-57
29050,-57
29170,-57
29288,-56
29408,-57
29526,-59
29645,-57
29763,-57
29883,-57
30001,-57
30120,-58
30238,-57
30358,-57
30476,-57
30596,-57
30713,-57
30833,-57
30951,-58
31071,-58
31188,-57
31308,-57
31426,-57
31546,-57
31664,-57
31783,-57
31901,-57
32021,-57
32139,-57
32260,-57
32376,-57
32497,-57
32615,-57
32735,-57
32852,-57
32972,-57
33095,-57
33214,-57
33333,-58
33452,-57
33570,-57
33689,-57
33808,-57
33927,-57
34045,-57
34164,-57
34283,-57
34402,-57
34521,-57
34641,-57
34760,-57
34878,-58
34998,-57
35116,-57
35234,-57
35353,-57
35472,-58
35591,-57
35709,-57
35828,-57
35947,-57
36066,-57
36185,-57
36303,-57
36422,-57
36541,-68
36660,-74
36779,-57
36897,-56
37016,-56
37135,-57
37254,-57
37372,-57
37491,-58
37610,-57
37729,-57
37848,-57
37966,-58
38085,-56
38204,-57
38323,-57
38440,-58
38565,-58
38683,-57
38803,-60
38921,-73
39041,-66
39157,-63
39278,-57
39395,-57
39515,-54
39632,-54
39753,-54
39870,-58
39990,-71
40108,-69
40227,-78
40345,-59
40465,-59
40583,-60
40702,-61
40828,-64
40946,-63
41064,-62
41183,-57
41300,-61
41420,-64
41538,-74
41658,-59
41776,-68
41895,-72
42013,-63
42134,-58
42252,-58
42372,-56
42489,-56
42609,-57
42727,-57
42847,-57
42964,-57
43084,-57
43201,-72
43321,-71
43439,-72
43558,-62
43676,-59
43796,-59
43914,-57
44034,-57
44156,-59
44275,-56
44394,-56
44513,-58
44632,-79
44750,-77
44869,-64
44988,-60
45107,-62
45225,-62
45344,-66
45463,-70
45582,-68
45701,-57
45819,-56
45937,-56
46057,-58
46175,-57
46294,-57
46412,-57
46531,-56
46650,-57
46769,-57
46887,-57
47006,-56
47125,-57
47244,-57
47363,-58
47481,-57
47600,-57
47719,-57
47838,-57
47956,-57
48074,-57
48194,-57
48312,-57
48431,-57
48549,-57
48668,-57
48787,-57
48906,-57
49025,-57
49143,-57
49262,-57
49381,-57
49500,-57
49644,-57
49767,-57
49887,-57
50004,-57
50124,-57
50242,-57
50362,-57
50480,-57
50599,-57
50717,-57
50837,-57
50954,-57
51074,-57
51191,-57
51311,-57
51429,-57
51549,-57
51666,-57
51786,-57
51904,-57
52024,-57
52142,-57
52261,-57
52378,-57
52498,-57
52616,-57
52736,-57
52853,-57
52973,-57
53091,-57
53211,-57
53328,-57
53448,-57
53566,-57
53686,-57
53803,-57
53922,-57
54040,-57
54160,-57
54278,-57
54397,-57
54515,-57
54635,-57
54753,-57
54873,-57
54989,-57
55109,-58
55233,-56
55351,-57
55470,-57
55588,-57
55707,-58
55827,-57
55955,-57
56073,-57
56192,-57
56310,-57
56429,-57
56547,-57
56677,-57
56806,-57
56931,-57
57049,-57
57168,-57
57286,-57
57406,-57
57524,-57
57644,-57
57761,-57
57880,-57
57999,-57
58118,-57
58236,-57
58355,-57
58474,-57
58593,-57
58712,-57
58830,-57
58949,-57
59068,-57
59187,-57
59305,-57
59424,-57
59543,-57
59662,-57
59781,-57
59899,-57
60018,-57
60137,-57
60256,-57
60374,-57
60493,-57
60611,-57
60730,-57
60847,-57
60965,-57
61084,-57
61203,-57
61322,-57
61441,-57
61559,-57
61678,-57
61796,-57
61916,-57
62033,-57
62153,-57
62271,-57
62390,-57
62509,-57
62627,-57
62746,-57
62865,-57
62984,-57
63102,-57
63221,-57
63340,-57
63459,-57
63578,-57
63696,-57
63815,-57
63933,-57
64052,-57
64173,-57
64291,-57
64409,-57
64529,-57
64647,-57
64766,-57
64884,-57
65004,-57
65122,-57
65242,-57
65359,-57
65479,-57
65597,-57
65717,-57
65835,-57
65954,-57
66073,-57
66192,-57
66315,-57
66435,-57
66552,-57
66672,-57
66790,-57
66910,-57
67027,-57
67147,-57
67265,-57
67385,-57
67503,-57
67622,-57
67740,-57
67860,-57
67978,-57
68098,-57
68215,-57
68335,-57
68453,-57
68573,-57
68690,-57
68810,-57
68928,-57
69048,-57
69165,-56
69285,-58
69402,-57
69523,-73
69640,-71
69761,-69
69877,-70
69997,-71
70115,-63
70235,-55
70352,-57
70472,-57
70590,-57
70710,-59
70828,-57
70947,-57
71076,-56
71194,-58
71312,-57
71432,-57
71548,-57
71670,-57
71788,-57
71912,-57
72031,-57
72150,-57
72269,-57
72387,-58
72507,-57
72626,-57
72744,-56
72863,-60
72982,-66
73101,-80
73220,-68
73338,-59
73457,-58
73576,-57
73695,-57
73814,-57
73933,-57
74051,-57
74171,-57
74290,-57
74408,-58
74527,-57
74646,-57
74765,-57
74884,-58
75002,-59
75121,-82
75240,-72
75360,-65
75479,-56
75597,-57
75716,-56
75835,-57
75954,-57
76072,-57
76191,-57
76310,-57
76429,-57
76548,-57
76666,-57
76786,-57
76904,-57
77024,-57
77143,-57
77261,-57
77384,-57
77504,-57
77622,-57
77742,-57
77859,-57
77979,-58
78097,-57
78217,-57
78334,-57
78455,-57
78573,-57
78693,-57
78811,-57
78930,-57
79048,-57
79169,-57
79287,-57
79407,-57
79524,-57
79644,-57
79762,-57
79882,-57
80000,-57
80119,-57
80237,-57
80357,-57
80475,-57
80594,-57
80712,-57
80832,-57
80950,-57
81070,-57
81187,-57
81307,-57
81425,-57
81545,-57
81662,-57
81782,-57
81900,-57
82020,-57
82138,-57
82257,-57
82375,-57
82495,-57
82613,-57
82733,-57
82850,-57
82974,-57
83094,-57
83212,-57
83332,-57
83449,-57
83568,-57
83687,-57
83806,-57
83924,-57
84043,-57
84162,-56
84281,-57
84400,-57
84518,-57
84637,-57
84756,-57
84875,-57
84994,-57
85112,-57
85231,-57
85350,-57
85469,-57
85587,-57
85706,-57
85824,-57
85944,-57
86063,-57
86192,-57
86308,-57
86428,-57
86557,-57
86686,-57
86805,-57
86924,-57
87043,-57
87161,-57
87280,-57
87402,-60
87521,-60
87640,-60
87758,-55
87877,-57
87996,-57
88115,-57
88232,-57
88351,-57
88474,-57
88595,-57
88712,-57
88832,-57
88949,-57
89069,-57
89187,-57
89307,-57
89424,-57
89544,-57
89662,-57
89782,-57
89900,-57
90019,-57
90137,-57
90257,-57
90375,-57
90494,-57
90612,-57
90732,-57
90849,-57
90970,-57
91086,-57
91206,-57
91324,-57
91444,-57
91561,-57
91681,-57
91799,-57
91919,-57
92037,-57
92156,-57
92274,-57
92394,-57
92512,-55
92632,-58
92749,-57
92869,-56
92987,-56
93107,-56
93224,-56
93344,-56
93462,-56
93582,-56
93699,-56
93818,-56
93938,-56
94062,-56
94181,-56
94300,-56
94418,-56
94537,-56
94656,-56
94774,-56
94893,-56
95011,-56
95130,-56
95249,-56
95368,-56
95486,-56
95605,-56
95723,-56
95842,-56
95961,-56
96079,-56
96198,-56
96317,-57
96436,-56
96555,-56
96672,-56
96791,-56
96910,-56
97029,-56
97147,-57
97266,-57
97385,-58
97504,-58
97622,-56
97740,-58
97859,-56
97978,-56
98097,-55
98215,-55
98333,-55
98452,-55
98571,-55
98690,-55
98808,-56
98927,-56
99045,-56
99164,-56
99282,-56
99401,-56
99524,-56
99644,-56
99762,-56
99881,-56
99999,-56
100119,-56
100237,-55
100357,-56
100473,-56
100593,-54
100711,-54
100831,-55
100948,-57
101068,-58
101198,-58
101325,-57
101454,-56
101584,-59
101702,-57
101822,-57
101940,-57
102060,-57
102177,-57
102297,-57
102415,-57
102536,-57
102652,-57
102773,-57
102891,-57
103011,-57
103129,-57
103248,-57
103366,-57
103486,-57
103604,-57
103724,-57
103841,-57
103961,-57
104079,-57
104199,-57
104316,-57
104436,-57
104554,-57
104678,-57
104798,-57
104916,-57
105035,-57
105154,-57
105273,-57
105392,-57
105511,-57
105630,-57
105749,-57
105868,-57
105987,-57
106105,-57
106224,-57
106343,-57
106463,-57
106582,-57
106700,-57
106819,-57
106938,-57
107057,-57
107175,-57
107294,-57
107414,-57
107533,-57
107652,-57
107770,-57
107889,-57
108008,-57
108127,-58
108246,-58
108364,-56
108483,-62
108603,-68
108721,-56
108841,-57
108960,-57
109079,-57
109198,-58
109318,-58
109436,-58
109555,-57
109674,-57
109799,-57
109917,-71
110036,-67
110154,-55
110274,-56
110392,-57
110513,-59
110630,-58
110750,-56
110868,-63
110988,-72
111107,-62
111226,-67
111344,-70
111464,-59
111582,-57
111702,-56
111819,-58
111940,-56
112058,-67
112178,-74
112295,-59
112415,-59
112533,-57
112654,-56
112772,-57
112891,-56
113009,-57
113129,-57
113247,-59
113368,-62
113485,-63
113605,-57
113723,-61
113843,-65
113960,-64
114081,-59
114199,-56
114319,-57
114437,-69
114556,-56
114674,-56
114795,-56
114918,-56
115037,-57
115156,-57
115275,-57
115394,-57
115513,-57
115632,-57
115750,-58
115869,-57
115988,-58
116107,-58
116227,-57
116410,-57
116528,-57
116646,-57
116765,-58
116884,-57
117003,-57
117122,-57
117240,-57
117421,-57
117539,-57
117658,-57
117777,-57
117896,-57
118014,-57
118134,-57
118252,-57
118431,-57
118550,-57
118669,-58
118788,-58
118906,-58
119025,-57
119145,-57
119264,-57
119442,-57
119561,-57
119680,-57
119798,-57
119917,-57
120036,-57
120161,-57
120279,-57
120457,-57
120574,-57
120695,-57
120813,-57
120933,-57
121051,-57
121170,-57
121288,-57
121467,-57
121585,-58
121705,-57
121823,-57
121943,-57
122060,-57
122181,-57
122299,-57
122478,-57
122596,-57
122716,-57
122833,-57
122954,-57
123072,-57
123192,-57
123310,-57
123465,-57
123583,-57
123703,-57
123821,-57
123940,-57
124058,-57
124178,-57
124300,-57
124455,-57
124573,-57
124693,-57
124811,-58
124931,-57
125048,-57
125168,-57
125286,-57
125406,-57
125530,-57
125648,-57
125767,-57
125886,-58
126005,-70
126124,-76
126242,-70
126361,-57
126480,-57
126599,-58
126718,-57
126836,-59
126956,-72
127074,-70
127194,-56
127312,-57
127431,-57
127550,-57
127669,-57
127788,-57
127906,-57
128025,-57
128144,-57
128263,-68
128381,-68
128500,-59
128620,-57
128738,-57
128858,-57
128975,-67
129095,-62
129214,-59
129333,-58
129452,-58
129570,-57
129689,-57
129808,-59
129927,-57
130045,-57
130164,-57
130283,-57
130402,-57
130521,-57
130644,-57
130764,-57
130882,-58
131002,-57
131120,-58
131239,-56
131356,-62
131476,-66
131596,-65
131716,-58
131837,-57
131955,-57
132074,-57
132194,-56
132312,-57
132431,-57
132549,-67
132669,-72
132787,-57
132908,-54
133025,-61
133145,-63
133263,-63
133384,-57
133501,-57
133621,-57
133739,-57
133860,-57
133978,-57
134097,-57
134215,-57
134335,-57
134454,-57
134574,-57
134691,-58
134811,-67
134929,-74
135050,-73
135168,-56
135287,-59
135405,-56
135526,-57
135649,-57
135768,-57
135887,-57
136006,-57
136125,-57
136244,-57
136364,-57
136482,-57
136601,-57
136720,-57
136840,-57
136958,-57
137077,-57
137196,-57
137315,-57
137434,-57
137553,-57
137672,-57
137791,-57
137910,-57
138030,-57
138148,-57
138267,-57
138386,-57
138506,-57
138625,-57
138743,-57
138862,-57
138981,-57
139122,-58
139241,-56
139360,-63
139480,-74
139598,-74
139717,-61
139836,-57
139955,-57
140073,-57
140192,-58
140311,-57
140431,-57
140550,-57
140668,-57
140791,-57
140912,-57
141030,-57
141150,-57
141267,-57
141387,-58
141505,-59
141625,-73
141743,-75
141863,-75
141981,-56
142101,-57
142219,-57
142339,-58
142457,-58
142577,-57
142695,-57
142815,-57
142932,-58
143052,-57
143170,-57
143291,-57
143409,-57
143528,-57
143646,-57
143766,-57
143884,-57
144005,-57
144121,-57
144242,-57
144360,-57
144480,-57
144598,-57
144717,-57
144835,-57
144956,-57
145074,-57
145193,-57
145311,-57
145431,-57
145549,-57
145670,-57
145786,-57
145911,-57
146030,-57
146160,-57
146288,-57
146413,-57
146532,-57
146651,-57
146769,-57
146889,-57
147018,-57
147136,-57
147255,-57
147374,-57
147492,-57
147611,-57
147731,-57
147849,-57
147969,-57
148087,-57
148206,-57
148325,-57
148445,-57
148563,-57
148682,-57
148801,-57
148920,-57
149039,-57
149158,-59
149277,-58
149396,-71
149515,-70
149635,-57
149753,-67
149872,-60
149991,-68
150110,-68
150228,-55
150348,-56
150467,-55
150586,-57
150705,-57
150823,-57
150947,-58
151067,-58
151185,-58
151305,-57
151422,-57
151543,-57
151661,-57
151781,-57
151899,-57
152018,-57
152136,-57
152257,-57
152375,-57
152495,-57
152612,-57
152732,-57
152850,-57
152971,-57
153089,-57
153208,-57
153326,-57
153446,-57
153565,-57
153686,-57
153803,-57
153923,-57
154041,-57
154161,-57
154278,-57
154399,-57
154517,-57
154637,-57
154755,-57
154874,-57
154992,-57
155113,-57
155231,-55
155351,-58
155468,-62
155589,-60
155707,-57
155827,-57
155944,-57
156069,-58
156188,-58
156307,-57
156427,-58
156546,-57
156664,-57
156783,-57
156902,-57
157021,-57
157140,-57
157259,-58
157378,-57
157497,-58
157616,-56
157734,-57
157854,-69
157973,-65
158092,-57
158211,-57
158330,-59
158449,-56
158568,-57
158687,-57
158806,-57
158924,-57
159044,-57
159163,-57
159282,-57
159400,-57
159519,-57
159638,-57
159757,-57
159876,-57
159995,-57
160114,-57
160233,-58
160352,-58
160472,-55
160590,-57
160709,-70
160828,-73
160947,-73
161068,-56
161191,-57
161309,-57
161429,-57
161547,-57
161667,-57
161784,-57
161904,-58
162033,-57
162151,-58
162269,-57
162388,-57
162506,-57
162626,-58
162744,-57
162864,-57
162981,-57
163102,-57
163220,-57
163340,-57
163458,-57
163577,-57
163695,-57
163816,-57
163934,-57
164054,-57
164171,-57
164291,-57
164410,-57
164530,-57
164647,-57
164767,-57
164885,-57
165005,-57
165123,-57
165243,-57
165361,-57
165481,-57
165599,-57
165719,-57
165837,-57
165957,-57
166075,-57
166199,-57
166319,-57
166437,-57
166556,-57
166675,-57
166795,-57
166913,-57
167032,-58
167151,-57
167270,-57
167389,-57
167508,-57
167626,-57
167746,-57
167865,-57
167984,-57
168102,-57
168221,-57
168340,-57
168461,-57
168580,-57
168698,-57
168817,-57
168937,-57
169055,-57
169175,-57
169293,-57
169412,-57
169531,-57
169650,-57
169768,-57
169888,-57
170007,-57
170126,-57
170245,-57
170363,-57
170482,-57
170602,-57
170720,-57
170840,-57
170958,-57
171077,-57
171196,-57
171320,-57
171439,-57
171558,-57
171676,-57
171796,-57
171914,-57
172034,-57
172151,-57
172272,-57
172389,-57
172510,-57
172627,-57
172747,-57
172865,-57
172985,-57
173103,-57
173223,-57
173341,-57
173461,-57
173579,-57
173699,-57
173816,-57
173936,-57
174054,-57
174175,-57
174291,-57
174412,-57
174530,-57
174650,-57
174768,-57
174887,-57
175005,-57
175125,-57
175243,-57
175364,-57
175481,-57
175601,-57
175719,-57
175839,-57
175956,-57
176092,-57
176215,-57
176334,-57
176457,-57
176576,-57
176695,-57
176814,-57
176932,-57
177052,-57
177180,-57
177298,-57
177417,-57
177536,-57
177654,-57
177773,-57
177892,-57
178011,-57
178129,-57
178248,-57
178368,-57
178486,-57
178606,-57
178723,-57
178843,-57
178962,-57
179081,-57
179200,-57
179318,-57
179437,-57
179556,-57
179675,-57
179793,-57
179912,-57
180031,-57
180150,-57
180269,-57
180387,-57
180507,-57
180625,-57
180745,-57
180864,-57
180982,-57
181101,-57
181220,-57
181339,-57
181463,-57
181580,-57
181700,-57
181818,-57
181939,-57
182056,-57
182176,-57
182294,-57
182414,-57
182532,-57
182651,-57
182769,-57
182889,-57
183007,-57
183127,-57
183246,-57
183366,-57
183484,-57
183604,-57
183721,-57
183842,-57
183960,-57
184080,-57
184198,-57
184317,-57
184435,-57
184555,-57
184673,-57
184794,-57
184911,-57
185031,-57
185149,-57
185269,-57
185387,-57
185506,-57
185625,-57
185745,-57
185863,-57
185982,-57
186100,-57
186220,-57
186338,-57
186459,-57
186582,-57
186700,-57
186820,-57
186939,-57
187058,-57
187176,-57
187296,-57
187415,-57
187534,-57
187653,-57
187772,-57
187891,-57
188010,-57
188129,-57
188248,-57
188366,-57
188486,-57
188605,-57
188724,-57
188843,-57
188962,-57
189081,-57
189200,-57
189319,-57
189437,-57
189556,-57
189676,-57
189795,-57
189914,-57
190032,-57
190152,-57
190271,-57
190390,-57
190509,-57
190627,-57
190746,-57
190875,-57
191005,-57
191124,-57
191243,-57
191363,-57
191481,-57
191600,-57
191723,-57
191843,-57
191961,-57
192080,-57
192210,-57
192328,-57
192446,-57
192566,-57
192684,-57
192803,-57
192921,-57
193041,-57
193159,-57
193280,-57
193397,-58
193517,-57
193635,-57
193755,-57
193872,-57
193993,-57
194111,-57
194231,-58
194349,-57
194468,-57
194586,-58
194706,-57
194824,-59
194944,-57
195061,-59
195182,-54
195300,-56
195420,-68
195537,-59
195657,-58
195775,-59
195895,-64
196013,-60
196133,-57
196251,-58
196371,-59
196489,-59
196609,-57
196732,-59
196851,-57
196970,-57
197089,-58
197208,-57
197326,-57
197446,-57
197564,-57
197684,-57
197803,-57
197921,-57
198040,-57
198161,-58
198279,-57
198398,-57
198517,-57
198636,-58
198755,-57
198875,-57
198993,-58
199112,-56
199231,-57
199350,-57
199469,-66
199588,-73
199707,-73
199826,-57
199945,-57
200065,-58
200183,-58
200302,-57
200421,-58
200540,-56
200658,-57
200778,-57
200897,-57
201016,-57
201135,-57
201253,-57
201372,-70
201492,-64
201611,-65
201730,-67
201852,-54
201973,-58
202091,-57
202211,-57
202329,-57
202449,-58
202567,-58
202687,-58
202805,-58
202925,-78
203042,-74
203163,-67
203281,-57
203401,-57
203518,-58
203638,-57
203756,-57
203877,-58
203995,-57
204114,-58
204232,-57
204352,-57
204470,-57
204591,-57
204708,-57
204828,-58
204946,-57
205066,-57
205184,-57
205304,-57
205422,-57
205542,-57
205660,-57
205780,-57
205898,-57
206019,-57
206137,-57
206257,-57
206374,-57
206494,-57
206612,-57
206732,-57
206850,-57
206974,-57
207093,-57
207213,-57
207334,-57
207452,-57
207570,-57
207689,-57
207808,-57
207927,-57
208047,-57
208164,-57
208284,-57
208403,-57
208522,-57
208641,-57
208759,-57
208878,-57
208997,-57
209116,-57
209235,-57
209353,-57
209473,-57
209592,-57
209711,-57
209829,-57
209948,-57
210067,-59
210186,-58
210305,-75
210424,-69
210542,-60
210662,-56
210781,-57
210899,-57
211018,-57
211137,-57
211256,-57
211375,-57
211493,-57
211613,-57
211732,-57
211851,-57
211974,-57
212093,-57
212211,-57
212332,-58
212450,-58
212570,-57
212687,-57
212807,-57
212925,-57
213045,-57
213168,-57
213298,-58
213415,-58
213536,-58
213654,-56
213774,-56
213892,-69
214011,-76
214129,-83
214249,-56
214367,-57
214487,-58
214604,-58
214725,-58
214843,-57
214963,-57
215080,-58
215200,-57
215318,-57
215438,-57
215556,-57
215676,-57
215794,-57
215914,-58
216032,-57
216152,-57
216269,-58
216389,-54
216507,-70
216628,-67
216744,-69
216865,-71
216983,-62
217107,-70
217227,-58
217345,-57
217464,-58
217583,-58
217702,-57
217821,-57
217939,-57
218058,-57
218177,-57
218296,-57
218415,-57
218533,-57
218653,-58
218772,-58
218891,-58
219010,-58
219128,-57
219247,-61
219366,-71
219485,-77
219603,-58
219722,-57
219841,-59
219960,-59
220080,-58
220197,-57
220317,-57
220436,-58
220555,-58
220675,-58
220793,-57
220912,-58
221032,-56
221151,-56
221270,-58
221388,-58
221507,-81
221626,-82
221745,-62
221863,-62
221982,-55
222101,-56
222226,-57
222356,-57
222474,-57
222592,-58
222711,-57
222829,-57
222949,-57
223067,-58
223186,-59
223304,-57
223425,-61
223543,-61
223663,-68
223780,-68
223901,-56
224019,-55
224139,-57
224257,-56
224376,-58
224494,-66
224615,-69
224733,-68
224852,-63
224970,-58
225091,-58
225209,-68
225329,-63
225446,-62
225566,-57
225684,-58
225805,-57
225923,-58
226042,-57
226160,-59
226280,-63
226398,-67
226519,-64
226636,-57
226756,-59
226874,-57
226995,-57
227112,-57
227236,-57
227356,-58
227475,-57
227594,-56
227713,-57
227831,-58
227950,-58
228090,-80
228214,-60
228334,-58
228453,-59
228572,-58
228690,-58
228809,-64
228928,-66
229048,-72
229166,-61
229285,-59
229404,-58
229523,-58
229642,-57
229761,-57
229879,-57
229999,-57
230118,-58
230237,-57
230355,-58
230474,-58
230593,-57
230712,-58
230831,-61
230950,-78
231069,-71
231188,-58
231307,-58
231426,-58
231544,-58
231663,-57
231782,-57
231902,-57
232020,-58
232139,-57
232258,-57
232382,-57
232500,-57
232621,-58
232738,-57
232858,-57
232976,-57
233096,-57
233213,-57
233333,-57
233451,-57
233572,-57
233689,-57
233809,-57
233927,-57
234047,-57
234165,-57
234285,-58
234402,-57
234522,-57
234640,-57
234761,-57
234877,-57
234998,-57
235115,-57
235246,-57
235374,-57
235499,-57
235617,-58
235737,-58
235854,-57
235975,-58
236093,-59
236213,-56
236331,-57
236450,-58
236568,-69
236688,-66
236806,-54
236925,-58
237043,-60
237163,-58
237281,-57
237401,-57
237535,-58
237652,-58
237771,-57
237890,-57
238009,-57
238128,-57
238246,-56
238365,-64
238485,-71
238604,-70
238723,-55
238841,-56
238960,-57
239079,-57
239198,-58
239316,-57
239436,-58
239554,-58
239674,-58
239793,-58
239911,-58
240030,-57
240149,-57
240268,-57
240387,-57
240505,-58
240625,-57
240744,-58
240863,-57
240982,-57
241100,-57
241219,-58
241338,-58
241457,-57
241576,-57
241695,-57
241814,-57
241933,-57
242052,-58
242170,-57
242289,-57
242408,-57
242534,-57
242652,-57
242771,-57
242889,-57
243009,-57
243128,-57
243248,-57
243365,-57
243485,-57
243603,-57
243723,-57
243841,-57
243961,-57
244079,-57
244199,-57
244317,-57
244436,-57
244554,-57
244675,-57
244793,-59
244913,-57
245030,-57
245150,-57
245268,-57
245389,-57
245507,-57
245626,-57
245744,-58
245864,-57
245982,-57
246103,-58
246220,-57
246340,-57
246458,-57
246578,-57
246695,-57
246816,-57
246934,-57
247054,-57
247172,-57
247291,-57
247409,-58
247530,-57
247653,-57
247772,-57
247891,-57
248009,-57
248129,-57
248248,-57
248367,-57
248485,-57
248604,-57
248723,-57
248843,-57
248962,-57
249080,-57
249199,-57
249318,-57
249437,-57
249556,-57
249674,-57
249794,-58
249913,-57
250032,-58
250151,-58
250270,-58
250389,-58
250509,-57
250628,-58
250746,-57
250865,-57
250984,-57
251103,-57
251223,-57
251341,-57
251460,-57
251579,-57
251698,-57
251816,-57
251935,-57
252054,-58
252173,-57
252292,-57
252410,-57
252530,-58
252659,-57
252781,-58
252901,-58
253019,-57
253139,-57
253257,-58
253377,-58
253495,-57
253615,-58
253732,-66
253853,-77
253971,-69
254091,-67
254209,-59
254328,-55
254446,-58
254566,-58
254684,-58
254804,-58
254922,-57
255042,-58
255160,-57
255280,-57
255397,-57
255517,-57
255635,-57
255756,-58
255874,-58
255993,-57
256111,-58
256231,-58
256349,-58
256470,-57
256587,-58
256707,-58
256825,-57
256945,-57
257062,-57
257182,-58
257300,-57
257421,-58
257540,-58
257659,-57
257782,-58
257901,-57
258020,-57
258139,-57
258258,-58
258376,-59
258496,-56
258614,-65
258734,-69
258851,-65
258971,-61
259089,-58
259209,-58
259328,-57
259446,-58
259564,-57
259684,-58
259803,-58
259921,-57
260040,-58
260159,-57
260278,-58
260397,-58
260515,-57
260634,-57
260753,-58
260872,-58
260990,-58
261109,-57
261228,-58
261347,-57
261466,-58
261584,-56
261703,-55
261822,-64
261941,-61
262060,-57
262178,-59
262297,-57
262416,-57
262535,-57
262653,-58
262772,-58
262895,-58
263016,-57
263134,-57
263254,-58
263371,-58
263491,-58
263609,-57
263729,-57
263846,-58
263966,-58
264084,-58
264204,-58
264322,-58
264441,-57
264559,-58
264679,-58
264797,-58
264916,-58
265044,-58
265176,-58
265292,-58
265413,-57
265531,-58
265651,-58
265768,-58
265888,-57
266006,-57
266126,-58
266244,-58
266363,-57
266481,-58
266601,-58
266719,-58
266839,-58
266956,-58
267076,-58
267194,-58
267314,-58
267431,-58
267551,-58
267680,-58
267798,-58
267916,-58
268040,-58
268158,-58
268277,-58
268397,-58
268516,-58
268635,-58
268753,-58
268872,-58
268991,-58
269111,-58
269230,-58
269348,-58
269467,-58
269586,-57
269705,-58
269824,-58
269942,-58
270062,-57
270180,-58
270300,-57
270418,-58
270537,-58
270656,-58
270775,-58
270894,-58
271012,-58
271131,-58
271251,-58
271370,-58
271489,-58
271607,-58
271726,-58
271845,-58
271964,-58
272082,-58
272201,-57
272322,-58
272441,-58
272560,-58
272678,-58
272797,-58
272917,-58
273040,-57
273160,-57
273277,-58
273397,-57
273515,-57
273636,-58
273754,-57
273873,-58
273991,-58
274111,-57
274229,-58
274350,-57
274467,-58
274587,-58
274705,-57
274825,-58
274942,-58
275063,-58
275181,-58
275301,-58
275419,-57
275539,-57
275657,-58
275777,-58
275895,-58
276015,-58
276132,-58
276252,-57
276371,-57
276491,-57
276609,-58
276728,-57
276846,-58
276966,-58
277084,-57
277204,-57
277322,-58
277442,-58
277560,-58
277680,-58
277798,-58
277918,-58
278036,-57
278160,-58
278280,-57
278397,-57
278517,-57
278636,-57
278755,-58
278874,-58
278992,-57
279111,-57
279231,-57
279349,-58
279469,-57
279587,-58
279706,-58
279828,-58
279958,-57
280083,-58
280202,-58
280321,-58
280439,-57
280558,-57
280677,-57
280796,-58
280915,-58
281033,-58
281153,-57
281272,-57
281391,-58
281509,-57
281628,-58
281747,-57
281866,-57
281985,-58
282104,-57
282222,-58
282342,-57
282460,-58
282579,-57
282698,-57
282881,-57
282997,-58
283117,-57
283235,-58
283360,-58
283478,-58
283597,-57
283715,-58
283893,-58
284011,-57
284132,-58
284250,-58
284369,-58
284487,-58
284607,-58
284725,-58
284903,-57
285021,-57
285140,-57
285258,-58
285378,-58
285496,-58
285617,-57
285734,-58
285913,-58
286030,-57
286150,-58
286268,-58
286389,-58
286507,-57
286626,-57
286744,-58
286921,-58
287039,-58
287160,-58
287278,-58
287397,-57
287515,-57
287636,-58
287754,-57
287934,-57
288052,-58
288172,-58
288289,-58
288410,-57
288528,-58
288652,-57
288832,-58
288951,-58
289070,-58
289188,-58
289307,-58
289426,-58
289546,-57
289665,-57
289787,-57
289906,-58
290026,-58
290145,-56
290264,-79
290382,-68
290501,-75
290620,-58
290778,-59
290896,-57
291015,-57
291134,-57
291254,-58
291372,-58
291491,-58
291610,-58
291729,-58
291848,-58
291966,-58
292085,-58
292205,-58
292324,-58
292443,-58
292561,-58
292680,-58
292799,-57
292918,-57
293037,-57
293156,-59
293275,-56
293394,-59
293513,-59
293632,-67
293750,-68
293875,-65
293993,-58
294113,-57
294231,-57
294350,-59
294468,-59
294588,-58
294706,-60
294825,-68
294945,-66
295065,-77
295183,-71
295303,-72
295421,-60
295541,-59
295659,-57
295779,-57
295897,-57
296017,-57
296135,-58
296255,-57
296373,-57
296493,-57
296611,-58
296731,-58
296849,-56
296969,-66
297086,-75
297207,-69
297325,-84
297445,-69
297563,-72
297682,-57
297800,-58
297921,-59
298038,-58
298159,-58
298281,-58
298399,-57
298517,-57
298637,-57
298755,-58
298874,-66
298998,-73
299117,-68
299236,-71
299355,-69
299474,-68
299593,-58
299712,-56
299831,-60
299951,-57
300069,-58
300188,-58
300307,-58
300427,-57
300546,-66
300664,-70
300783,-67
300903,-60
301022,-56
301140,-58
301259,-58
301379,-57
301498,-58
301617,-68
301735,-75
301854,-64
301973,-70
302093,-64
302212,-74
302330,-64
302454,-53
302584,-54
302703,-59
302822,-70
302941,-70
303059,-64
303178,-57
303298,-66
303417,-69
303536,-61
303654,-55
303774,-57
303893,-58
304017,-58
304135,-62
304256,-73
304373,-63
304493,-68
304611,-57
304732,-59
304849,-59
304969,-57
305087,-57
305208,-58
305326,-58
305445,-57
305563,-58
305684,-57
305802,-58
305922,-57
306039,-57
306159,-57
306277,-58
306398,-57
306515,-57
306635,-57
306753,-57
306874,-57
306992,-57
307111,-58
307229,-58
307350,-57
307468,-58
307588,-57
307705,-57
307826,-58
307944,-57
308064,-57
308182,-57
308301,-58
308419,-57
308540,-57
308658,-58
308777,-57
308895,-57
309015,-58
309139,-59
309258,-73
309377,-63
309495,-56
309615,-56
309734,-56
309853,-58
309972,-57
310092,-57
310211,-57
310330,-58
310449,-57
310568,-57
310687,-66
310806,-72
310925,-65
311045,-56
311163,-59
311282,-59
311401,-59
311520,-66
311639,-71
311758,-67
311877,-57
311996,-58
312115,-58
312235,-58
312353,-58
312472,-58
312591,-57
312711,-58
312829,-58
312948,-57
313067,-58
313186,-57
313306,-58
313435,-57
313552,-58
313672,-58
313791,-57
313910,-57
314029,-57
314147,-57
314270,-58
314391,-57
314509,-57
314629,-58
314746,-57
314867,-58
314985,-57
315105,-57
315223,-56
315342,-67
315460,-68
315581,-64
315699,-57
315819,-59
315936,-56
316056,-59
316174,-57
316295,-58
316412,-57
316532,-65
316650,-70
316770,-78
316888,-78
317008,-70
317126,-59
317246,-56
317380,-59
317506,-58
317624,-57
317744,-58
317861,-58
317982,-57
318100,-58
318220,-57
318338,-59
318457,-65
318575,-74
318695,-57
318814,-56
318934,-57
319051,-57
319171,-57
319295,-57
319414,-57
319533,-57
319651,-58
319771,-58
319890,-58
320009,-57
320128,-58
320246,-58
320365,-60
320485,-58
320604,-57
320722,-69
320841,-68
320960,-72
321079,-58
321199,-58
321317,-58
321436,-57
321555,-58
321675,-58
321793,-57
321912,-58
322031,-56
322150,-66
322269,-68
322388,-74
322506,-65
322626,-59
322745,-60
322864,-58
322982,-57
323101,-58
323220,-57
323340,-58
323459,-57
323577,-63
323696,-68
323815,-65
323934,-72
324054,-58
324172,-59
324291,-59
324419,-67
324550,-70
324679,-78
324800,-60
324918,-56
325038,-58
325155,-58
325275,-57
325393,-57
325513,-58
325630,-57
325750,-57
325868,-58
325988,-57
326106,-58
326226,-58
326344,-58
326464,-58
326582,-57
326702,-56
326819,-69
326939,-72
327057,-73
327178,-57
327294,-57
327415,-57
327533,-58
327653,-58
327771,-58
327890,-57
328008,-57
328128,-58
328246,-58
328366,-58
328496,-57
328613,-57
328731,-57
328851,-56
328969,-57
329089,-57
329206,-56
329326,-64
329444,-67
329569,-71
329688,-66
329806,-63
329926,-58
330044,-57
330164,-57
330283,-57
330401,-58
330520,-57
330639,-57
330758,-58
330877,-57
330996,-58
331115,-57
331234,-57
331353,-58
331471,-57
331590,-58
331709,-58
331830,-58
331949,-58
332067,-58
332186,-58
332305,-58
332424,-57
332544,-58
332662,-58
332781,-58
332900,-58
333019,-58
333137,-57
333257,-58
333376,-58
333495,-58
333614,-58
333732,-58
333851,-58
333971,-58
334090,-58
334209,-58
334327,-57
334446,-58
334570,-58
334690,-58
334808,-58
334927,-57
335045,-57
335166,-58
335284,-58
335404,-58
335521,-58
335641,-57
335759,-58
335880,-58
335997,-57
336117,-58
336235,-58
336355,-57
336473,-58
336593,-58
336711,-58
336831,-58
336949,-58
337069,-58
337186,-58
337307,-58
337425,-58
337545,-57
337662,-58
337782,-58
337900,-58
338020,-57
338138,-58
338258,-58
338376,-58
338496,-58
338614,-58
338734,-58
338851,-58
338971,-58
339089,-58
339210,-58
339326,-58
339448,-57
339566,-58
339691,-57
339810,-57
339929,-57
340047,-57
340166,-58
340285,-58
340404,-58
340523,-58
340641,-58
340760,-58
340879,-58
340999,-58
341116,-58
341236,-57
341355,-57
341474,-58
341593,-58
341711,-58
341830,-58
341949,-58
342068,-58
342187,-57
342305,-58
342425,-58
342543,-58
342663,-56
342780,-59
342900,-70
343018,-64
343137,-57
343256,-57
343374,-57
343494,-57
343623,-57
343741,-58
343860,-58
343979,-58
344097,-58
344215,-58
344335,-58
344453,-57
344572,-58
344691,-57
344826,-57
344948,-58
345068,-58
345191,-58
345311,-58
345433,-58
345552,-58
345675,-58
345795,-58
345918,-57
346038,-57
346160,-57
346279,-57
346402,-59
346522,-55
346644,-60
346766,-72
346888,-77
347008,-77
347130,-60
347250,-59
347372,-59
347492,-58
347615,-58
347735,-58
347856,-58
347976,-58
348099,-57
348219,-57
348341,-57
348462,-58
348583,-58
348703,-57
348826,-57
348946,-58
349068,-58
349188,-58
349310,-58
349430,-58
349552,-57
349673,-57
349795,-58
349921,-58
350042,-58
350163,-58
350284,-57
350405,-58
350527,-58
350648,-58
350769,-58
350891,-58
351011,-58
351133,-58
351254,-58
351375,-58
351497,-58
351618,-58
351738,-58
351860,-58
351981,-58
352103,-58
352224,-58
352345,-58
352466,-58
352587,-58
352708,-58
352830,-58
352951,-58
353073,-58
353193,-58
353314,-58
353436,-58
353557,-58
353678,-58
353800,-58
353921,-58
354042,-58
354163,-58
354284,-58
354415,-58
354547,-58
354668,-58
354790,-58
354911,-58
355033,-58
355158,-58
355280,-58
355400,-58
355522,-58
355643,-58
355765,-58
355885,-58
356007,-58
356127,-58
356249,-58
356370,-58
356492,-58
356612,-58
356734,-58
356854,-58
356977,-58
357097,-58
357219,-58
357340,-58
357462,-58
357581,-58
357704,-58
357824,-58
357946,-58
358067,-58
358189,-58
358308,-58
358431,-58
358551,-58
358673,-58
358805,-58
358925,-58
359046,-58
359168,-58
359287,-58
359409,-58
359530,-58
359652,-58
359773,-58
359895,-58
360014,-58
360137,-58
360257,-58
360384,-58
360506,-58
360627,-58
360749,-58
360869,-58
360990,-58
361112,-58
361233,-58
361354,-58
361476,-58
361596,-58
361718,-58
361843,-58
361965,-58
362086,-58
362208,-58
362329,-58
362450,-58
362571,-58
362693,-58
362814,-58
362936,-58
363057,-58
363177,-58
363299,-58
363420,-58
363541,-58
363663,-58
363784,-58
363906,-58
364026,-58
364148,-58
364269,-58
364391,-58
364512,-58
364634,-58
364754,-58
364876,-58
364997,-58
365118,-58
365240,-58
365361,-58
365487,-58
365608,-58
365729,-58
365851,-58
365972,-58
366094,-58
366215,-58
366337,-58
366456,-58
366579,-58
366699,-58
366822,-58
366942,-58
367065,-58
367184,-58
367307,-58
367427,-58
367549,-58
367670,-58
367792,-58
367912,-58
368034,-58
368154,-58
368277,-58
368397,-58
368520,-58
368640,-58
368762,-58
368882,-58
369004,-58
369125,-58
369247,-58
369367,-58
369497,-58
369628,-58
369755,-58
369875,-58
369997,-58
370117,-58
370240,-58
370360,-58
370483,-57
370603,-57
370729,-58
370850,-58
370971,-58
371093,-58
371214,-58
371336,-58
371457,-58
371577,-58
371699,-58
371820,-58
371941,-58
372063,-58
372184,-58
372305,-58
372426,-58
372548,-58
372669,-58
372790,-58
372912,-58
373032,-58
373153,-58
373275,-58
373396,-58
373517,-58
373638,-58
373760,-58
373880,-58
374001,-58
374124,-58
374248,-58
374368,-58
374489,-58
374609,-58
374731,-58
374852,-58
374974,-58
375095,-58
375217,-58
375337,-58
375458,-58
375579,-58
375701,-58
375822,-58
375949,-58
376069,-58
376192,-58
376311,-58
376434,-58
376554,-57
376677,-58
376797,-57
376919,-59
377040,-57
377162,-63
377283,-69
377405,-74
377525,-58
377648,-59
377767,-58
377890,-59
378010,-58
378133,-58
378253,-57
378375,-57
378496,-58
378617,-58
378738,-57
378860,-58
378980,-58
379103,-58
379223,-57
379345,-58
379465,-58
379587,-57
379708,-73
379830,-66
379951,-61
380072,-56
380192,-58
380315,-57
380435,-59
380558,-58
380678,-58
380801,-57
380920,-58
381047,-58
381168,-56
381290,-56
381411,-70
381532,-60
381654,-57
381774,-58
381896,-58
382017,-57
382139,-58
382260,-58
382382,-57
382502,-60
382623,-70
382745,-62
382866,-57
382987,-57
383109,-58
383229,-58
383351,-59
383472,-71
383594,-69
383715,-72
383836,-68
383956,-70
384078,-78
384199,-78
384321,-72
384442,-67
384563,-78
384685,-75
384806,-73
384928,-54
385049,-57
385170,-55
385292,-59
385413,-57
385534,-59
385655,-57
385776,-58
385898,-58
386019,-58
386140,-57
386267,-56
386386,-58
386509,-58
386629,-58
386752,-69
386872,-72
386995,-63
387115,-58
387236,-62
387357,-57
387479,-57
387599,-57
387722,-56
387842,-58
387964,-60
388084,-72
388207,-67
388327,-62
388450,-80
388570,-74
388691,-60
388812,-59
388934,-58
389054,-59
389177,-58
389297,-58
389419,-58
389551,-58
389670,-58
389791,-57
389913,-57
390033,-56
390155,-56
390276,-58
390397,-55
390518,-60
390640,-74
390760,-75
390883,-73
391003,-64
391126,-70
391245,-72
391367,-68
391493,-62
391614,-62
391736,-58
391857,-59
391979,-59
392099,-59
392220,-56
392356,-56
392482,-58
392603,-58
392725,-57
392846,-58
392967,-59
393089,-64
393209,-77
393330,-62
393452,-58
393573,-55
393695,-58
393816,-58
393937,-58
394058,-57
394180,-58
394301,-58
394422,-58
394544,-57
394664,-58
394786,-58
394907,-58
395028,-58
395150,-58
395271,-58
395393,-58
395513,-58
395635,-58
395756,-58
395877,-58
395999,-58
396120,-57
396240,-58
396362,-58
396483,-58
396610,-58
396730,-58
396853,-58
396973,-58
397095,-58
397215,-58
397338,-58
397458,-58
397580,-58
397700,-58
397822,-58
397942,-58
398065,-58
398185,-58
398307,-58
398428,-58
398550,-58
398669,-58
398792,-58
398912,-58
399035,-58
399155,-57
399278,-58
399397,-58
399519,-57
399639,-77
399762,-59
399882,-58
400006,-59
400125,-58
400248,-57
400368,-57
400491,-57
400611,-58
400734,-58
400854,-57
400975,-57
401096,-58
401218,-57
401339,-56
401461,-56
401581,-58
401703,-70
401829,-70
401950,-66
402072,-57
402193,-57
402315,-58
402436,-57
402556,-57
402678,-58
402799,-58
402921,-57
403042,-58
403163,-60
403284,-77
403405,-63
403527,-57
403648,-57
403770,-58
403891,-58
404013,-58
404133,-58
404254,-58
404376,-58
404497,-58
404618,-58
404740,-58
404861,-58
404992,-58
405111,-58
405233,-58
405354,-58
405476,-58
405597,-58
405719,-58
405839,-58
405961,-58
406082,-58
406204,-57
406325,-57
406447,-57
406567,-74
406689,-69
406810,-60
406931,-57
407057,-65
407180,-64
407300,-70
407421,-57
407565,-57
407687,-59
407808,-59
407929,-57
408049,-59
408172,-57
408292,-57
408415,-61
408535,-72
408657,-59
408777,-58
408900,-57
409020,-59
409142,-57
409263,-58
409384,-58
409505,-57
409627,-58
409747,-58
409870,-58
409990,-58
410113,-58
410232,-58
410355,-58
410475,-58
410598,-58
410718,-58
410840,-58
410960,-58
411082,-58
411203,-58
411325,-57
411445,-57
411568,-58
411687,-58
411810,-56
411930,-77
412053,-74
412179,-77
412300,-67
412422,-58
412542,-57
412663,-57
412785,-58
412906,-58
413027,-58
413149,-58
413270,-58
413391,-57
413512,-58
413634,-58
413755,-58
413877,-58
413998,-58
414119,-58
414240,-58
414361,-58
414482,-58
414604,-58
414730,-58
414863,-58
414995,-58
415116,-58
415238,-58
415358,-58
415480,-58
415601,-58
415723,-57
415844,-60
415965,-70
416087,-71
416207,-71
416329,-59
416450,-57
416572,-57
416693,-58
416815,-58
416935,-57
417056,-58
417178,-58
417301,-58
417426,-68
417549,-70
417669,-57
417792,-58
417911,-57
418034,-60
418154,-65
418277,-68
418397,-56
418519,-58
418639,-56
418761,-58
418882,-57
419004,-57
419125,-58
419247,-58
419366,-58
419489,-58
419609,-58
419732,-58
419852,-58
419974,-57
420093,-57
420216,-59
420348,-56
420468,-58
420589,-55
420711,-58
420831,-74
420954,-78
421073,-69
421196,-65
421316,-58
421439,-78
421559,-64
421681,-71
421801,-72
421923,-79
422043,-62
422166,-57
422288,-57
422410,-60
422530,-57
422657,-56
422777,-57
422898,-57
423020,-58
423141,-58
423262,-58
423383,-58
423504,-58
423625,-58
423746,-58
423867,-58
423989,-58
424110,-58
424230,-58
424351,-58
424473,-58
424594,-58
424715,-58
424836,-58
424957,-58
425078,-58
425199,-58
425320,-57
425442,-58
425563,-58
425684,-58
425805,-58
425926,-58
426047,-58
426169,-58
426290,-58
426411,-58
426531,-58
426653,-58
426774,-58
426895,-58
427016,-58
427138,-58
427258,-58
427379,-58
427500,-58
427622,-58
427747,-58
427870,-58
427990,-58
428111,-58
428231,-58
428354,-58
428474,-58
428596,-58
428717,-58
428838,-58
428958,-58
429081,-58
429201,-58
429323,-58
429443,-58
429565,-58
429685,-58
429807,-58
429929,-58
430051,-58
430171,-58
430294,-58
430413,-58
430535,-58
430656,-58
430778,-58
430898,-58
431021,-58
431140,-58
431262,-58
431383,-58
431505,-58
431625,-58
431748,-58
431867,-58
431989,-58
432110,-58
432232,-58
432352,-58
432475,-58
432594,-58
432716,-58
432836,-58
432963,-58
433085,-58
433206,-58
433328,-58
433448,-58
433569,-58
433691,-58
433812,-58
433934,-58
434055,-58
434176,-58
434297,-58
434418,-58
434540,-58
434661,-58
434783,-58
434904,-58
435024,-58
435145,-58
435267,-58
435388,-58
435509,-58
435632,-57
435763,-58
435883,-58
436004,-58
436125,-58
436246,-58
436367,-58
436489,-58
436610,-58
436731,-58
436852,-58
436974,-58
437095,-58
437217,-58
437338,-58
437458,-58
437581,-58
437703,-58
437824,-58
437945,-58
438067,-58
438194,-58
438313,-58
438435,-58
438556,-58
438678,-58
438799,-58
438921,-58
439041,-58
439163,-58
439283,-58
439406,-58
439526,-58
439649,-58
439769,-58
439890,-58
440011,-58
440133,-58
440254,-58
440376,-58
440496,-58
440619,-58
440738,-58
440861,-58
440981,-58
441103,-58
441224,-58
441346,-58
441466,-58
441588,-58
441708,-58
441831,-58
441951,-58
442074,-58
442193,-58
442315,-58
442436,-58
442558,-58
442679,-58
442801,-58
442920,-58
443043,-58
443163,-58
443290,-58
443412,-58
443533,-58
443654,-58
443776,-58
443896,-58
444017,-58
444139,-58
444260,-58
444382,-58
444503,-58
444624,-58
444745,-58
444867,-58
444988,-58
445109,-58
445246,-58
445373,-58
445494,-58
445615,-58
445736,-58
445857,-58
445978,-58
446100,-58
446221,-58
446343,-58
446464,-58
446584,-58
446706,-58
446827,-58
446948,-58
447070,-58
447191,-58
447311,-58
447433,-58
447554,-58
447675,-58
447797,-58
447918,-58
448039,-58
448160,-58
448281,-58
448403,-58
448530,-58
448650,-58
448772,-58
448892,-58
449014,-58
449134,-58
449257,-58
449377,-58
449500,-58
449619,-58
449741,-58
449862,-58
449984,-58
450104,-58
450227,-58
450347,-58
450468,-58
450589,-58
450711,-58
450831,-58
450953,-58
451078,-58
451198,-58
451318,-58
451440,-58
451560,-58
451683,-58
451803,-58
451924,-58
452044,-58
452167,-58
452287,-58
452409,-58
452530,-58
452653,-58
452773,-58
452895,-58
453015,-58
453138,-58
453258,-58
453380,-58
453500,-58
453622,-58
453748,-58
453869,-58
453991,-58
454112,-58
454233,-58
454354,-58
454475,-58
454596,-58
454718,-58
454839,-58
454961,-58
455081,-58
455202,-58
455324,-58
455445,-58
455566,-58
455688,-58
455809,-58
455930,-58
456051,-58
456173,-58
456294,-58
456415,-58
456536,-58
456657,-58
456778,-58
456900,-58
457021,-58
457143,-58
457264,-58
457384,-58
457506,-58
457627,-58
457748,-58
457870,-58
457991,-58
458113,-58
458233,-58
458354,-58
458475,-58
458597,-58
458718,-58
458845,-58
458964,-58
459087,-58
459207,-58
459330,-58
459450,-58
459572,-58
459693,-58
459814,-58
459934,-58
460057,-58
460177,-58
460307,-58
460438,-58
460566,-58
460686,-58
460808,-58
460928,-58
461050,-58
461170,-58
461293,-58
461413,-58
461535,-58
461655,-58
461777,-58
461897,-58
462020,-58
462140,-58
462262,-58
462383,-58
462504,-58
462624,-58
462747,-58
462867,-58
462989,-58
463110,-58
463232,-58
463351,-58
463474,-58
463594,-58
463716,-58
463837,-58
463959,-58
464084,-58
464205,-58
464326,-58
464447,-58
464569,-58
464690,-58
464812,-58
464932,-58
465053,-58
465174,-58
465296,-58
465417,-58
465539,-58
465659,-58
465780,-58
465901,-58
466023,-58
466144,-58
466265,-58
466386,-58
466518,-58
466637,-58
466759,-58
466880,-58
467001,-58
467122,-58
467244,-58
467364,-58
467486,-58
467607,-58
467728,-58
467851,-58
467972,-58
468092,-58
468214,-58
468335,-58
468457,-58
468578,-58
468700,-58
468820,-58
468941,-70
469062,-70
469184,-72
469310,-59
469432,-59
469552,-57
469675,-58
469794,-57
469917,-58
470037,-58
470159,-58
470280,-58
470402,-58
470522,-58
470644,-58
470764,-58
470887,-57
471007,-58
471129,-59
471249,-75
471371,-75
471491,-69
471614,-59
471734,-56
471857,-57
471976,-56
472098,-61
472219,-70
472341,-72
472461,-76
472584,-76
472704,-74
472826,-69
472946,-74
473069,-71
473189,-64
473311,-58
473432,-67
473553,-61
473673,-59
473796,-57
473916,-60
474039,-57
474159,-57
474280,-58
474406,-58
474528,-57
474649,-58
474770,-58
474892,-60
475013,-66
475134,-70
475255,-78
475376,-76
475503,-58
475624,-58
475745,-59
475867,-57
475987,-57
476109,-58
476230,-57
476352,-60
476473,-62
476594,-74
476716,-74
476836,-67
476957,-56
477079,-55
477200,-57
477322,-58
477443,-58
477564,-58
477685,-57
477806,-57
477928,-58
478049,-58
478170,-58
478291,-58
478412,-58
478534,-58
478655,-58
478776,-58
478898,-58
479019,-58
479139,-58
479261,-58
479382,-58
479504,-58
479629,-58
479752,-58
479872,-58
479994,-58
480114,-58
480236,-58
480357,-58
480479,-58
480599,-58
480721,-58
480841,-58
480964,-58
481084,-58
481206,-58
481326,-58
481448,-58
481568,-58
481690,-58
481822,-58
481942,-57
482063,-58
482185,-58
482305,-58
482427,-58
482547,-58
482669,-58
482789,-58
482912,-58
483032,-58
483165,-58
483290,-58
483411,-58
483531,-58
483654,-58
483774,-58
483896,-58
484017,-58
484139,-58
484258,-57
484381,-58
484501,-58
484623,-58
484744,-58
484870,-58
484992,-58
485112,-58
485233,-58
485355,-58
485476,-58
485597,-58
485719,-58
485839,-58
485961,-58
486082,-58
486203,-58
486325,-58
486446,-58
486566,-58
486688,-58
486809,-57
486931,-58
487052,-59
487173,-58
487294,-57
487415,-63
487536,-68
487658,-62
487779,-74
487901,-66
488022,-64
488142,-57
488263,-57
488385,-58
488506,-58
488628,-58
488749,-57
488869,-58
488990,-58
489112,-58
489233,-58
489355,-58
489476,-58
489596,-58
489717,-58
489839,-58
489964,-74
490087,-78
490207,-71
490330,-57
490449,-57
490571,-57
490693,-61
490815,-65
490935,-63
491058,-57
491177,-60
491300,-75
491420,-70
491543,-63
491663,-68
491785,-70
491906,-71
492027,-66
492147,-59
492270,-59
492390,-58
492513,-59
492633,-56
492754,-70
492875,-68
492997,-56
493117,-58
493240,-58
493360,-58
493483,-58
493602,-59
493724,-58
493845,-61
493967,-63
494087,-72
494210,-72
494329,-67
494452,-59
494572,-67
494695,-69
494815,-78
494937,-57
495057,-57
495183,-59
495305,-58
495426,-58
495548,-57
495669,-58
495791,-57
495911,-59
496032,-61
496154,-75
496275,-72
496396,-58
496518,-58
496638,-59
496759,-58
496880,-58
497002,-58
497124,-58
497255,-58
497375,-57
497497,-58
497617,-59
497739,-63
497860,-74
497981,-78
498103,-69
498224,-58
498367,-57
498489,-58
498610,-58
498732,-57
498852,-58
498973,-58
499095,-58
499216,-58
499337,-58
499459,-58
499579,-58
499701,-58
499822,-57
499944,-63
500065,-58
500186,-58
500307,-57
500433,-58
500554,-59
500676,-63
500796,-71
500919,-65
501039,-57
501161,-58
501281,-58
501403,-58
501524,-58
501646,-58
501766,-57
501889,-58
502008,-58
502131,-58
502251,-57
502373,-57
502494,-58
502616,-57
502735,-71
502858,-62
502978,-72
503101,-62
503221,-61
503343,-56
503463,-64
503585,-62
503705,-60
503828,-58
503948,-57
504070,-58
504190,-58
504312,-58
504433,-58
504555,-57
504675,-58
504798,-58
504918,-62
505039,-69
505160,-75
505282,-56
505402,-56
505540,-57
505672,-58
505799,-58
505920,-58
506041,-58
506163,-58
506284,-58
506404,-59
506525,-57
506647,-67
506768,-69
506889,-72
507010,-57
507131,-58
507252,-57
507374,-58
507495,-58
507616,-57
507737,-58
507858,-58
507979,-59
508100,-58
508222,-58
508343,-57
508464,-66
508585,-81
508706,-77
508827,-83
508948,-60
